Об'єднання R1 та R2:

0.5 0.7 0.8 0.8 0.6 0.9 
0.5 0.9 0.3 0.8 0.7 0.7 
0.9 0.7 0.2 0.9 0.4 0.6 
0.6 0.5 0.8 0.9 0.9 0.7 
0.9 0.9 0.9 1.0 0.5 0.9 
0.4 0.6 0.4 0.3 0.7 0.9 
________________________________________
Перетин R1 та R2:

0.4 0.2 0.7 0.4 0.5 0.6 
0.2 0.4 0.3 0.7 0.5 0.4 
0.6 0.6 0.1 0.3 0.0 0.6 
0.5 0.1 0.6 0.2 0.5 0.5 
0.4 0.2 0.8 0.1 0.2 0.1 
0.1 0.1 0.2 0.1 0.5 0.3 
________________________________________
Доповнення R1:

0.6 0.8 0.3 0.2 0.5 0.4 
0.8 0.1 0.7 0.2 0.5 0.3 
0.4 0.3 0.9 0.1 0.6 0.4 
0.4 0.9 0.2 0.8 0.1 0.5 
0.6 0.8 0.2 0.0 0.8 0.1 
0.9 0.9 0.8 0.7 0.3 0.7 
________________________________________
Доповнення R2:

0.5 0.3 0.2 0.6 0.4 0.1 
0.5 0.6 0.7 0.3 0.3 0.6 
0.1 0.4 0.8 0.7 1.0 0.4 
0.5 0.5 0.4 0.1 0.5 0.3 
0.1 0.1 0.1 0.9 0.5 0.9 
0.6 0.4 0.6 0.9 0.5 0.1 
________________________________________
Композиція R1 та R2:

0.7 0.6 0.6 0.8 0.5 0.7 
0.5 0.6 0.6 0.8 0.7 0.7 
0.5 0.6 0.6 0.9 0.7 0.7 
0.9 0.9 0.9 0.4 0.6 0.6 
0.8 0.6 0.6 0.9 0.5 0.9 
0.7 0.7 0.7 0.3 0.5 0.3 
________________________________________
Альфа-рівень 0.5 відношення R1:

0 0 1 1 1 1 
0 1 0 1 1 1 
1 1 0 1 0 1 
1 0 1 0 1 1 
0 0 1 1 0 1 
0 0 0 0 1 0 
________________________________________
Альфа-рівень 0.9 відношення R1:

0 0 0 0 0 0 
0 1 0 0 0 0 
0 0 0 1 0 0 
0 0 0 0 1 0 
0 0 0 1 0 1 
0 0 0 0 0 0 
________________________________________
Відношення строгої переваги для R1:

0 0 0 0 0 0 
0 0 0 1 0 1 
0 0 0 0 0 0 
0 0 0 0 0 0 
0 0 0 0 0 0 
0 0 0 0 0 0 
________________________________________
Відношення байдужості для R1:

0.6 0.8 0.6 0.6 0.5 0.4 
0.8 0.9 0.3 0.2 0.5 0.3 
0.6 0.3 0.9 0.8 0.4 0.4 
0.6 0.2 0.8 0.8 0.9 0.5 
0.5 0.5 0.4 0.9 0.8 0.7 
0.4 0.3 0.4 0.5 0.7 0.7 
________________________________________
Відношення квазіеквівалентності для R1:

0.4 0.2 0.6 0.6 0.4 0.1 
0.2 0.9 0.3 0.1 0.2 0.1 
0.6 0.3 0.1 0.8 0.4 0.2 
0.6 0.1 0.8 0.2 0.9 0.3 
0.4 0.2 0.4 0.9 0.2 0.7 
0.1 0.1 0.2 0.3 0.7 0.3 
ВЛАСТИВОСТІ
________________________________________
Рефлексивність:

Відношення R1:
Не має властивості рефлексивності
Відношення R2:
Не має властивості рефлексивності
________________________________________
Антирефлексивність:

Відношення R1:
Не має властивості антирефлексивності
Відношення R2:
Не має властивості антирефлексивності
________________________________________
Симетричність:

Відношення R1:
Не має властивості симетричності
Відношення R2:
Не має властивості симетричності
________________________________________
Антисиметричність:

Відношення R1:
Не має властивості антисиметричності
Відношення R2:
Не має властивості антисиметричності
________________________________________
Асиметричність:

Відношення R1:
Не має властивості асиметричності
Відношення R2:
Не має властивості асиметричності
________________________________________
Зв'язність:

Відношення R1:
Має властивість слабкої зв'язності
Відношення R2:
Має властивість слабкої зв'язності
________________________________________
Транзитивність:

Відношення R1:
Не має властивості транзитивності
Відношення R2:
Не має властивості транзитивності
Ранжування:
1 5 2 3 6 4 
Найбільш переважна альтернатива:
1
Ранжування:
5 1 2 4 3 6 
Найбільш переважна альтернатива:
5
MpqND:
0.879 0.8539999999999999 0.6839999999999999 0.785 0.9380000000000001 0.666 