TOPSIS - всі критерії потрібно максимізувати
Ранжування:
8 9 4 6 14 13 11 12 3 7 2 5 10 1 15 
Найкраща альтернатива:
8 
------------------------------------------------------------
TOPSIS - k1-k7 підлягають максимізації, а k8-k12 мінімізації
Ранжування:
13 9 8 3 15 11 6 12 10 14 4 7 1 5 2 
Найкраща альтернатива:
13 
Ранжування Q:
8 9 4 6 12 13 11 14 3 2 15 5 1 7 10 
Ранжування S
8 12 9 4 14 6 11 13 2 3 5 7 10 15 1 
Ранжування R
8 9 4 13 6 11 12 1 14 3 15 2 5 7 10 
С1 не виконуються

VIKOR - v=0.5
Ранжування:
8 9 4 6 12 13 11 14 3 2 15 5 1 7 10 
Множина кращих альтернатив:
8 9 4 6 
Значення Q кращих альтернатив:
0.8875 0.8085463337609791 0.7366722589558867 0.22768676601203988 
ДОСЛІДЖЕННЯ
------------------------------------------------------------
Ранжування Q:
8 9 4 13 6 11 12 1 14 3 15 2 5 7 10 
Ранжування S
8 12 9 4 14 6 11 13 2 3 5 7 10 15 1 
Ранжування R
8 9 4 13 6 11 12 1 14 3 15 2 5 7 10 
VIKOR - v=0.0
Ранжування:
8 9 4 13 6 11 12 1 14 3 15 2 5 7 10 
Найкраща альтернатива:
8 
Значення Q кращих альтернатив:
0.775 
------------------------------------------------------------
Ранжування Q:
8 9 4 13 6 12 11 14 3 1 15 2 5 7 10 
Ранжування S
8 12 9 4 14 6 11 13 2 3 5 7 10 15 1 
Ранжування R
8 9 4 13 6 11 12 1 14 3 15 2 5 7 10 
VIKOR - v=0.1
Ранжування:
8 9 4 13 6 12 11 14 3 1 15 2 5 7 10 
Найкраща альтернатива:
8 
Значення Q кращих альтернатив:
0.7975 
------------------------------------------------------------
Ранжування Q:
8 9 4 13 6 12 11 14 3 15 1 2 5 7 10 
Ранжування S
8 12 9 4 14 6 11 13 2 3 5 7 10 15 1 
Ранжування R
8 9 4 13 6 11 12 1 14 3 15 2 5 7 10 
VIKOR - v=0.2
Ранжування:
8 9 4 13 6 12 11 14 3 15 1 2 5 7 10 
Найкраща альтернатива:
8 
Значення Q кращих альтернатив:
0.8200000000000001 
------------------------------------------------------------
Ранжування Q:
8 9 4 13 6 12 11 14 3 15 1 2 5 7 10 
Ранжування S
8 12 9 4 14 6 11 13 2 3 5 7 10 15 1 
Ранжування R
8 9 4 13 6 11 12 1 14 3 15 2 5 7 10 
С1 не виконуються

VIKOR - v=0.3
Ранжування:
8 9 4 13 6 12 11 14 3 15 1 2 5 7 10 
Множина кращих альтернатив:
8 9 4 13 
Значення Q кращих альтернатив:
0.8425 0.8851278002565872 0.762003355373532 0.17661205960722393 
------------------------------------------------------------
Ранжування Q:
8 9 4 6 13 12 11 14 3 15 2 1 5 7 10 
Ранжування S
8 12 9 4 14 6 11 13 2 3 5 7 10 15 1 
Ранжування R
8 9 4 13 6 11 12 1 14 3 15 2 5 7 10 
С1 не виконуються

VIKOR - v=0.4
Ранжування:
8 9 4 6 13 12 11 14 3 15 2 1 5 7 10 
Множина кращих альтернатив:
8 9 4 6 
Значення Q кращих альтернатив:
0.865 0.8468370670087833 0.7493378071647094 0.2021494128096319 
------------------------------------------------------------
Ранжування Q:
8 9 4 6 12 13 11 14 3 2 15 5 1 7 10 
Ранжування S
8 12 9 4 14 6 11 13 2 3 5 7 10 15 1 
Ранжування R
8 9 4 13 6 11 12 1 14 3 15 2 5 7 10 
С1 не виконуються

VIKOR - v=0.5
Ранжування:
8 9 4 6 12 13 11 14 3 2 15 5 1 7 10 
Множина кращих альтернатив:
8 9 4 6 
Значення Q кращих альтернатив:
0.8875 0.8085463337609791 0.7366722589558867 0.22768676601203988 
------------------------------------------------------------
Ранжування Q:
8 9 4 12 6 13 11 14 3 2 5 15 7 1 10 
Ранжування S
8 12 9 4 14 6 11 13 2 3 5 7 10 15 1 
Ранжування R
8 9 4 13 6 11 12 1 14 3 15 2 5 7 10 
С1 не виконуються

VIKOR - v=0.6
Ранжування:
8 9 4 12 6 13 11 14 3 2 5 15 7 1 10 
Множина кращих альтернатив:
8 9 4 12 
Значення Q кращих альтернатив:
0.91 0.7702556005131749 0.7240067107470641 0.2532241192144479 
------------------------------------------------------------
Ранжування Q:
8 9 4 12 6 11 13 14 3 2 5 7 15 10 1 
Ранжування S
8 12 9 4 14 6 11 13 2 3 5 7 10 15 1 
Ранжування R
8 9 4 13 6 11 12 1 14 3 15 2 5 7 10 
С1 не виконуються

VIKOR - v=0.7
Ранжування:
8 9 4 12 6 11 13 14 3 2 5 7 15 10 1 
Множина кращих альтернатив:
8 9 4 12 
Значення Q кращих альтернатив:
0.9325 0.7319648672653707 0.7113411625382415 0.27876147241685584 
------------------------------------------------------------
Ранжування Q:
8 9 4 12 6 11 13 14 2 3 5 7 15 10 1 
Ранжування S
8 12 9 4 14 6 11 13 2 3 5 7 10 15 1 
Ранжування R
8 9 4 13 6 11 12 1 14 3 15 2 5 7 10 
С1 не виконуються

VIKOR - v=0.8
Ранжування:
8 9 4 12 6 11 13 14 2 3 5 7 15 10 1 
Множина кращих альтернатив:
8 9 4 12 
Значення Q кращих альтернатив:
0.9550000000000001 0.6936741340175665 0.6986756143294188 0.3042988256192638 
------------------------------------------------------------
Ранжування Q:
8 9 4 12 6 11 14 13 2 3 5 7 10 15 1 
Ранжування S
8 12 9 4 14 6 11 13 2 3 5 7 10 15 1 
Ранжування R
8 9 4 13 6 11 12 1 14 3 15 2 5 7 10 
С1 не виконуються

VIKOR - v=0.9
Ранжування:
8 9 4 12 6 11 14 13 2 3 5 7 10 15 1 
Множина кращих альтернатив:
8 9 4 12 
Значення Q кращих альтернатив:
0.9775 0.6553834007697623 0.6860100661205962 0.3298361788216718 
------------------------------------------------------------
Ранжування Q:
8 12 9 4 14 6 11 13 2 3 5 7 10 15 1 
Ранжування S
8 12 9 4 14 6 11 13 2 3 5 7 10 15 1 
Ранжування R
8 9 4 13 6 11 12 1 14 3 15 2 5 7 10 
С1 не виконуються

VIKOR - v=1
Ранжування:
8 12 9 4 14 6 11 13 2 3 5 7 10 15 1 
Множина кращих альтернатив:
8 12 9 4 
Значення Q кращих альтернатив:
1.0 0.617092667521958 0.6733445179117735 0.3553735320240798 
------------------------------------------------------------
